[1.42653352e-03 1.42697361e-03 0.00000000e+00 3.38329412e-01
 2.30769231e-01 0.00000000e+00 0.00000000e+00 2.83169667e-06
 1.70654867e+02 1.00000000e+00 0.00000000e+00 0.00000000e+00
 0.00000000e+00]
[1.42653352e-03 1.45131918e-03 0.00000000e+00 5.88021934e-01
 3.07692308e-01 0.00000000e+00 4.06250000e-01 7.17857048e-07
 1.67741722e+02 0.00000000e+00 1.80000000e+01 0.00000000e+00
 0.00000000e+00]
[1.42653352e-03 1.45131918e-03 0.00000000e+00 9.94522309e-01
 3.84615385e-01 1.80000000e-01 3.25000000e-01 1.41961386e-06
 1.67741722e+02 0.00000000e+00 2.40000000e+01 1.00000000e+00
 0.00000000e+00]
[1.42653352e-03 1.43914640e-03 0.00000000e+00 5.69394285e-01
 2.30769231e-01 3.00000000e-01 3.75000000e-01 1.89717228e-06
 1.69198294e+02 0.00000000e+00 1.70000000e+01 0.00000000e+00
 0.00000000e+00]
[1.42653352e-03 1.45131918e-03 0.00000000e+00 7.81573858e-01
 3.84615385e-01 1.80000000e-01 3.25000000e-01 1.70283072e-06
 1.67741722e+02 0.00000000e+00 2.30000000e+01 1.00000000e+00
 0.00000000e+00]
[1.42653352e-03 1.45131918e-03 0.00000000e+00 8.49210919e-01
 3.07692308e-01 2.25000000e-01 4.06250000e-01 1.77451733e-06
 1.67741722e+02 0.00000000e+00 2.00000000e+01 1.00000000e+00
 0.00000000e+00]
[1.42653352e-03 1.43914640e-03 0.00000000e+00 4.31780264e-01
 7.69230769e-02 0.00000000e+00 1.25000000e-01 5.66735706e-06
 1.69198294e+02 0.00000000e+00 1.30000000e+01 0.00000000e+00
 0.00000000e+00]
[1.42653352e-03 1.45131918e-03 0.00000000e+00 8.93612495e-01
 3.84615385e-01 1.80000000e-01 3.25000000e-01 1.70283072e-06
 1.67741722e+02 0.00000000e+00 2.50000000e+01 2.00000000e+00
 0.00000000e+00]
[1.42653352e-03 1.45131918e-03 0.00000000e+00 3.88216293e-01
 3.07692308e-01 2.25000000e-01 4.06250000e-01 1.07187812e-06
 1.67741722e+02 0.00000000e+00 1.80000000e+01 0.00000000e+00
 0.00000000e+00]
[1.42653352e-03 1.45131918e-03 0.00000000e+00 4.38474706e-01
 2.30769231e-01 3.00000000e-01 3.75000000e-01 4.81088010e-07
 1.67741722e+02 0.00000000e+00 1.30000000e+01 0.00000000e+00
 0.00000000e+00]
[1.42653352e-03 1.45131918e-03 0.00000000e+00 5.81119162e-01
 2.30769231e-01 3.00000000e-01 3.75000000e-01 1.42514419e-06
 1.67741722e+02 0.00000000e+00 1.90000000e+01 1.00000000e+00
 0.00000000e+00]
[1.42653352e-03 1.45131918e-03 0.00000000e+00 1.22225996e+00
 6.15384615e-01 0.00000000e+00 2.65625000e-01 1.06609770e-06
 1.67741722e+02 0.00000000e+00 2.80000000e+01 1.00000000e+00
 0.00000000e+00]
[1.42653352e-03 1.45131918e-03 0.00000000e+00 6.72423205e-01
 6.15384615e-01 3.37500000e-01 5.15625000e-01 5.41920020e-07
 1.67741722e+02 0.00000000e+00 2.70000000e+01 0.00000000e+00
 0.00000000e+00]
